0 0.354149265625 0.605711806640625 0.374563390625 0.592261654296875 0.37296212109375 0.575425017578125 0.331784158203125 0.5733043046875 0.311370033203125 0.586754462890625 0.310575982421875 0.60374931640625 0.354149265625 0.605711806640625
0 0.467186857421875 0.603085892578125 0.438214251953125 0.602579310546875 0.427610166015625 0.617801814453125 0.436626150390625 0.6365690234375 0.4720984609375 0.629385240234375 0.467186857421875 0.603085892578125
0 0.592603439453125 0.83199528515625 0.622827603515625 0.82031748046875 0.6189388046875 0.7794285078125 0.55312137109375 0.7716743046875 0.548909197265625 0.80341700390625 0.56511114453125 0.82170955078125 0.592603439453125 0.83199528515625
0 0.4627986015625 0.83572875 0.490963986328125 0.802403841796875 0.471222953125 0.772243349609375 0.433920619140625 0.76018526171875 0.411568677734375 0.778604109375 0.404046171875 0.80088409375 0.412725611328125 0.841456625 0.4627986015625 0.83572875
0 0.106379611328125 0.96576683203125 0.125891890625 0.99352208984375 0.176193634765625 0.99019944921875 0.20435901953125 0.956874541015625 0.200685806640625 0.867564453125 0.18733668359375 0.85392415625 0.175360080078125 0.85471526171875 0.1262021015625 0.870064072265625 0.1004320390625 0.9032307578125 0.106379611328125 0.96576683203125
0 0.288426640625 1 0.297897498046875 0.97731971484375 0.29138462890625 0.93418373046875 0.280888333984375 0.925195677734375 0.244729763671875 0.9251637578125 0.21040121875 0.9443737109375 0.203793720703125 0.976274630859375 0.215191666015625 1 0.288426640625 1
0 0.41370684765625 1 0.435574560546875 0.9803272890625 0.43670515625 0.941527107421875 0.4176503828125 0.9185823203125 0.37361959375 0.91180936328125 0.342601380859375 0.940482025390625 0.346718931640625 0.983776228515625 0.365665140625 1 0.41370684765625 1
0 0.54425268359375 0.881175587890625 0.507636607421875 0.87633319921875 0.49099032421875 0.9040565390625 0.494313822265625 0.964345595703125 0.510058265625 0.977827673828125 0.54382151171875 0.978017814453125 0.570049083984375 0.94966159375 0.569013111328125 0.9134248671875 0.54425268359375 0.881175587890625
0 0.74538837890625 1 0.737048462890625 0.9821967734375 0.710807724609375 0.95972664453125 0.671796330078125 0.95504248046875 0.6319908828125 0.967353171875 0.63658737890625 1 0.74538837890625 1
0 0.339493466796875 0.8317718515625 0.376553876953125 0.79059835546875 0.3762041640625 0.761577330078125 0.35658408984375 0.758032630859375 0.31165145703125 0.792465087890625 0.30891958984375 0.81442862890625 0.317935576171875 0.833195837890625 0.339493466796875 0.8317718515625
0 0.784647125 0.67166903515625 0.799934060546875 0.68034064453125 0.788872466796875 0.69075268359375 0.760128615234375 0.692651333984375 0.713352791015625 0.657015572265625 0.684151435546875 0.6541037578125 0.6663613828125 0.66980092578125 0.6287225078125 0.679548162109375 0.623595318359375 0.701669927734375 0.674138978515625 0.751578869140625 0.75057366796875 0.7949369140625 0.81251546875 0.812628494140625 0.88654166796875 0.80531841015625 0.93343844921875 0.8675699609375 0.945882435546875 0.97399884375 0.960101423828125 0.971792033203125 0.966725353515625 0.822753603515625 0.904439505859375 0.765410681640625 0.90123696875 0.731737412109375 0.925069220703125 0.703539412109375 0.913765705078125 0.66071987109375 0.85809485546875 0.632932693359375 0.809730931640625 0.631286646484375 0.777568955078125 0.647933140625 0.784647125 0.67166903515625