0 0.6490384609375 0.52644230859375 0.608173076171875 0.53125 0.608173076171875 0.548076923828125 0.62980769140625 0.56009615234375 0.673076923828125 0.5552884609375 0.670673076171875 0.5384615390625 0.6490384609375 0.52644230859375
0 0.55769230859375 0.576923076171875 0.545673076171875 0.5625 0.516826923828125 0.56490384765625 0.514423076171875 0.59134615234375 0.55048076953125 0.59615384765625 0.55769230859375 0.576923076171875
0 0.447115384765625 0.73798076953125 0.3822115390625 0.75 0.3822115390625 0.790865384765625 0.4134615390625 0.80048076953125 0.43990384765625 0.7884615390625 0.454326923828125 0.76923076953125 0.447115384765625 0.73798076953125
0 0.52884615234375 0.733173076171875 0.51201923046875 0.764423076171875 0.54326923046875 0.795673076171875 0.59375 0.798076923828125 0.59855769140625 0.7572115390625 0.58894230859375 0.735576923828125 0.56490384765625 0.71875 0.52884615234375 0.733173076171875
0 0.8125 0.8990384609375 0.84375 0.9302884609375 0.89423076953125 0.9302884609375 0.91105769140625 0.90144230859375 0.91105769140625 0.83894230859375 0.8822115390625 0.80769230859375 0.83173076953125 0.795673076171875 0.8197115390625 0.795673076171875 0.80769230859375 0.81009615234375 0.8125 0.8990384609375
0 0.72115384765625 0.92548076953125 0.7427884609375 0.96634615234375 0.77644230859375 0.97355769140625 0.80048076953125 0.95673076953125 0.81490384765625 0.91826923046875 0.8052884609375 0.88701923046875 0.76923076953125 0.87019230859375 0.733173076171875 0.87259615234375 0.72355769140625 0.8822115390625 0.72115384765625 0.92548076953125
0 0.579326923828125 0.8990384609375 0.584134615234375 0.9375 0.625 0.96875 0.646634615234375 0.9615384609375 0.673076923828125 0.93509615234375 0.673076923828125 0.891826923828125 0.639423076171875 0.865384615234375 0.59615384765625 0.875 0.579326923828125 0.8990384609375
0 0.62259615234375 1 0.6177884609375 0.9759615390625 0.5865384609375 0.95673076953125 0.53365384765625 0.96634615234375 0.5 1 0.62259615234375 1
0 0.4447115390625 0.87980769140625 0.447115384765625 0.915865384765625 0.4759615390625 0.94230769140625 0.509615384765625 0.93990384765625 0.5240384609375 0.92548076953125 0.521634615234375 0.865384615234375 0.50240384765625 0.83894230859375 0.46634615234375 0.84615384765625 0.4447115390625 0.87980769140625
0 0.34615384765625 0.927884615234375 0.30769230859375 0.93509615234375 0.28365384765625 0.959134615234375 0.2740384609375 0.985576923828125 0.384615384765625 0.990384615234375 0.38701923046875 0.9375 0.34615384765625 0.927884615234375
0 0.62259615234375 0.71634615234375 0.625 0.74519230859375 0.665865384765625 0.78365384765625 0.6875 0.78365384765625 0.6947115390625 0.764423076171875 0.68990384765625 0.7427884609375 0.641826923828125 0.7115384609375 0.62259615234375 0.71634615234375
0 0 0.96634615234375 0.07451923046875 0.96875 0.076923076171875 0.858173076171875 0.1177884609375 0.79326923046875 0.19230769140625 0.795673076171875 0.25240384765625 0.7740384609375 0.32451923046875 0.7259615390625 0.37019230859375 0.673076923828125 0.36298076953125 0.65144230859375 0.32451923046875 0.64423076953125 0.3052884609375 0.62980769140625 0.27644230859375 0.634615384765625 0.233173076171875 0.673076923828125 0.204326923828125 0.673076923828125 0.19230769140625 0.6634615390625 0.20673076953125 0.65384615234375 0.2115384609375 0.62980769140625 0.177884615234375 0.615384615234375 0.12980769140625 0.62019230859375 0.076923076171875 0.65144230859375 0.0697115390625 0.6947115390625 0.09615384765625 0.72115384765625 0.09615384765625 0.75480769140625 0.03365384765625 0.822115384765625 0 0.83173076953125 0 0.96634615234375