0 0.611263248046875 0.540414037109375 0.63368358203125 0.550894833984375 0.676512044921875 0.543080544921875 0.672940267578125 0.526462296875 0.65051993359375 0.515981498046875 0.610089462890625 0.52362810546875 0.611263248046875 0.540414037109375
0 0.521313396484375 0.56357195703125 0.520759927734375 0.59011753515625 0.55706515234375 0.59239826171875 0.562917654296875 0.57271128515625 0.54992159765625 0.55916176171875 0.521313396484375 0.56357195703125
0 0.402788208984375 0.798373359375 0.434632822265625 0.805785431640625 0.460172298828125 0.79195095703125 0.47321876953125 0.771760927734375 0.463844908203125 0.741090103515625 0.399937583984375 0.75760751953125 0.402788208984375 0.798373359375
0 0.56378894140625 0.7919345234375 0.61431442578125 0.79081115234375 0.61625978125 0.749709947265625 0.6051586640625 0.72879876953125 0.58000497265625 0.713689671875 0.545041216796875 0.730592873046875 0.53043517578125 0.76294053515625 0.56378894140625 0.7919345234375
0 0.92328584765625 0.90174015234375 0.938059576171875 0.87179048046875 0.933699796875 0.8094427265625 0.902744021484375 0.780281056640625 0.85154780078125 0.771812462890625 0.83955784765625 0.7726508828125 0.828573998046875 0.787877244140625 0.83957428125 0.876267525390625 0.872928048828125 0.90526151171875 0.92328584765625 0.90174015234375
0 0.808802623046875 0.95312048828125 0.831608740234375 0.934657716796875 0.843313744140625 0.895283767578125 0.831541890625 0.864780625 0.79439824609375 0.85050994921875 0.758596072265625 0.8554231953125 0.749674845703125 0.86568589453125 0.750295166015625 0.90901740625 0.774727703125 0.94827408984375 0.808802623046875 0.95312048828125
0 0.657393853515625 0.95888858984375 0.678472716796875 0.950185462890625 0.70300608984375 0.921963044921875 0.69998778125 0.878799216796875 0.664571390625 0.85476889453125 0.622078298828125 0.867379166015625 0.606969203125 0.89253285546875 0.614448125 0.930565337890625 0.657393853515625 0.95888858984375
0 0.657175751953125 0.990230150390625 0.65070293359375 0.96658561328125 0.6181875859375 0.949581578125 0.56610253125 0.962862583984375 0.53487823828125 0.998782025390625 0.657175751953125 0.990230150390625
0 0.506873919921875 0.94290708984375 0.540278103515625 0.93816152734375 0.55365994140625 0.92276748046875 0.547069857421875 0.86298540234375 0.52604141015625 0.837948978515625 0.49057460546875 0.84765820703125 0.471340263671875 0.882739228515625 0.47625351171875 0.91854140234375 0.506873919921875 0.94290708984375
0 0.31439094921875 1 0.41910395703125 0.99723888671875 0.417812904296875 0.944315412109375 0.376376330078125 0.93757407421875 0.338511533203125 0.94745098828125 0.316208466796875 0.97310773046875 0.3085058125 1 0.31439094921875 1
0 0.685248037109375 0.7713926953125 0.706829951171875 0.76988354296875 0.712682453125 0.75019656640625 0.70637731640625 0.728950017578125 0.6562376171875 0.70112981640625 0.63738905859375 0.70726726953125 0.6417992578125 0.73587547265625 0.685248037109375 0.7713926953125
0 0.036100537109375 1 0.10825402734375 0.997288185546875 0.102938560546875 0.886812939453125 0.139176935546875 0.819216572265625 0.213682326171875 0.81641636328125 0.272122935546875 0.7906423515625 0.34070897265625 0.73765202734375 0.382581748046875 0.681710244140625 0.37387862109375 0.66063137890625 0.33500772265625 0.656120349609375 0.3148176953125 0.64307387890625 0.286377177734375 0.649882064453125 0.2458962890625 0.69126822265625 0.217120404296875 0.693280427734375 0.20445971484375 0.68452688671875 0.218176923828125 0.673928818359375 0.22129606640625 0.649613546875 0.18671809765625 0.637573177734375 0.13909365234375 0.6457228359375 0.088517751953125 0.680585755859375 0.08434208984375 0.72425263671875 0.1125645078125 0.74878601171875 0.11491208203125 0.782357876953125 0.0572594765625 0.853861390625 0.02435834375 0.86580092578125 0.03374245703125 1 0.036100537109375 1