0 0.3266242421875 0.52344004296875 0.32276298046875 0.539993423828125 0.365448541015625 0.548553982421875 0.388048375 0.538466072265625 0.3895149375 0.5217031796875 0.349224076171875 0.51335212890625 0.3266242421875 0.52344004296875
0 0.44905348828125 0.558281498046875 0.43582294140625 0.57160214453125 0.44133096484375 0.591388263671875 0.47767046484375 0.5897415 0.477580365234375 0.5631903046875 0.44905348828125 0.558281498046875
0 0.52203426953125 0.772186935546875 0.534726388671875 0.79260158203125 0.56002053125 0.806879671875 0.59198965234375 0.80002449609375 0.5955513046875 0.759314615234375 0.531941982421875 0.74168437890625 0.52203426953125 0.772186935546875
0 0.431125814453125 0.7907767890625 0.464980515625 0.762369322265625 0.4509412421875 0.72977167578125 0.4162778125 0.71226084765625 0.39086426171875 0.726928650390625 0.37939988671875 0.74764290234375 0.380627630859375 0.78877180078125 0.431125814453125 0.7907767890625
0 0.16645189453125 0.7820989921875 0.155735453125 0.76668325390625 0.1437619609375 0.765635708984375 0.09242573828125 0.773209515625 0.06096573828125 0.8018264921875 0.05551850390625 0.86408866015625 0.069767287109375 0.894291607421875 0.120055962890625 0.898691296875 0.1539106640625 0.870283830078125 0.16645189453125 0.7820989921875
0 0.24398108203125 0.861272771484375 0.23524032421875 0.850855939453125 0.199529349609375 0.84531860546875 0.1621423046875 0.85893886328125 0.149839892578125 0.889231912109375 0.16085594140625 0.92880414453125 0.183336365234375 0.94766212890625 0.21749067578125 0.94341115625 0.2426046171875 0.904586857421875 0.24398108203125 0.861272771484375
0 0.293431720703125 0.875251255859375 0.28966055859375 0.91835583203125 0.31369764453125 0.947002119140625 0.334621408203125 0.956071796875 0.378054904296875 0.928502365234375 0.3861964453125 0.890606201171875 0.37152864453125 0.86519265234375 0.329262103515625 0.8518426953125 0.293431720703125 0.875251255859375
0 0.45642212890625 0.99809734765625 0.425829470703125 0.961638439453125 0.373984134765625 0.947450447265625 0.341176978515625 0.963884419921875 0.334292490234375 0.987412390625 0.45642212890625 0.99809734765625
0 0.44660234375 0.86210863671875 0.438969919921875 0.921766595703125 0.45208105859375 0.93739184375 0.48539733203125 0.94271966796875 0.51643831640625 0.91889208984375 0.521975650390625 0.883181115234375 0.50335648828125 0.84776975390625 0.46806453125 0.83744301953125 0.44660234375 0.86210863671875
0 0.68186476171875 1 0.675506671875 0.976243279296875 0.653654775390625 0.95020119921875 0.61596812109375 0.9396649609375 0.574420205078125 0.945682103515625 0.57220570703125 0.998574986328125 0.60470789453125 1 0.68186476171875 1
0 0.31004372265625 0.768118337890625 0.35410574609375 0.73336480859375 0.359014552734375 0.704837931640625 0.34027598046875 0.698372462890625 0.28965838671875 0.7253133671875 0.282983408203125 0.74644663671875 0.28849143359375 0.766232755859375 0.31004372265625 0.768118337890625
0 0.9581655859375 1 0.969185107421875 0.8740463046875 0.936497359375 0.8615343828125 0.88010144140625 0.78903558203125 0.883034568359375 0.75550980078125 0.91168085546875 0.731472712890625 0.908267921875 0.687739607421875 0.8583081640625 0.65199932421875 0.81083320703125 0.643019748046875 0.77605037109375 0.654454814453125 0.778744677734375 0.6788208203125 0.792274833984375 0.689656669921875 0.779463302734375 0.698187919921875 0.75072691796875 0.6956738125 0.710974484375 0.65358746875 0.6826571171875 0.64628396484375 0.66224247265625 0.658976083984375 0.623298765625 0.662808037109375 0.614229087890625 0.68373180078125 0.655119166015625 0.74039584375 0.72276994921875 0.79457508984375 0.78075183984375 0.821365103515625 0.85519701171875 0.82546518359375 0.890250146484375 0.893683703125 0.88327316796875 1 0.9581655859375 1