0 0.37019230859375 0.56009615234375 0.391826923828125 0.548076923828125 0.391826923828125 0.53125 0.3509615390625 0.52644230859375 0.329326923828125 0.5384615390625 0.326923076171875 0.5552884609375 0.37019230859375 0.56009615234375
0 0.44951923046875 0.59615384765625 0.485576923828125 0.59134615234375 0.483173076171875 0.56490384765625 0.454326923828125 0.5625 0.44230769140625 0.576923076171875 0.44951923046875 0.59615384765625
0 0.5865384609375 0.80048076953125 0.6177884609375 0.790865384765625 0.6177884609375 0.75 0.552884615234375 0.73798076953125 0.545673076171875 0.76923076953125 0.56009615234375 0.7884615390625 0.5865384609375 0.80048076953125
0 0.47115384765625 0.733173076171875 0.43509615234375 0.71875 0.41105769140625 0.735576923828125 0.40144230859375 0.7572115390625 0.40625 0.798076923828125 0.45673076953125 0.795673076171875 0.48798076953125 0.764423076171875 0.47115384765625 0.733173076171875
0 0.16826923046875 0.795673076171875 0.1177884609375 0.80769230859375 0.08894230859375 0.83894230859375 0.08894230859375 0.90144230859375 0.10576923046875 0.9302884609375 0.15625 0.9302884609375 0.1875 0.8990384609375 0.19230769140625 0.81009615234375 0.1802884609375 0.795673076171875 0.16826923046875 0.795673076171875
0 0.23076923046875 0.87019230859375 0.1947115390625 0.88701923046875 0.18509615234375 0.91826923046875 0.19951923046875 0.95673076953125 0.22355769140625 0.97355769140625 0.2572115390625 0.96634615234375 0.27884615234375 0.92548076953125 0.27644230859375 0.8822115390625 0.266826923828125 0.87259615234375 0.23076923046875 0.87019230859375
0 0.353365384765625 0.9615384609375 0.375 0.96875 0.415865384765625 0.9375 0.420673076171875 0.8990384609375 0.40384615234375 0.875 0.360576923828125 0.865384615234375 0.326923076171875 0.891826923828125 0.326923076171875 0.93509615234375 0.353365384765625 0.9615384609375
0 0.5 1 0.46634615234375 0.96634615234375 0.4134615390625 0.95673076953125 0.3822115390625 0.9759615390625 0.37740384765625 1 0.5 1
0 0.490384615234375 0.93990384765625 0.5240384609375 0.94230769140625 0.552884615234375 0.915865384765625 0.5552884609375 0.87980769140625 0.53365384765625 0.84615384765625 0.49759615234375 0.83894230859375 0.478365384765625 0.865384615234375 0.4759615390625 0.92548076953125 0.490384615234375 0.93990384765625
0 0.7259615390625 0.985576923828125 0.71634615234375 0.959134615234375 0.69230769140625 0.93509615234375 0.65384615234375 0.927884615234375 0.61298076953125 0.9375 0.615384615234375 0.990384615234375 0.7259615390625 0.985576923828125
0 0.37740384765625 0.71634615234375 0.358173076171875 0.7115384609375 0.31009615234375 0.7427884609375 0.3052884609375 0.764423076171875 0.3125 0.78365384765625 0.334134615234375 0.78365384765625 0.375 0.74519230859375 0.37740384765625 0.71634615234375
0 1 0.83173076953125 0.96634615234375 0.822115384765625 0.90384615234375 0.75480769140625 0.90384615234375 0.72115384765625 0.9302884609375 0.6947115390625 0.923076923828125 0.65144230859375 0.87019230859375 0.62019230859375 0.822115384765625 0.615384615234375 0.7884615390625 0.62980769140625 0.79326923046875 0.65384615234375 0.80769230859375 0.6634615390625 0.795673076171875 0.673076923828125 0.766826923828125 0.673076923828125 0.72355769140625 0.634615384765625 0.6947115390625 0.62980769140625 0.67548076953125 0.64423076953125 0.63701923046875 0.65144230859375 0.62980769140625 0.673076923828125 0.67548076953125 0.7259615390625 0.74759615234375 0.7740384609375 0.80769230859375 0.795673076171875 0.8822115390625 0.79326923046875 0.923076923828125 0.858173076171875 0.92548076953125 0.96875 1 0.96634615234375 1 0.83173076953125