0 0.39238878515625 0.53313312109375 0.351445720703125 0.529039361328125 0.3300241640625 0.541434337890625 0.327914353515625 0.5583006484375 0.371260900390625 0.56235245703125 0.39268245703125 0.54995748046875 0.39238878515625 0.53313312109375
0 0.4843083671875 0.565187630859375 0.455424654296875 0.5632875859375 0.44365897265625 0.57791823046875 0.45120503515625 0.597020212890625 0.487173330078125 0.59158395703125 0.4843083671875 0.565187630859375
0 0.622133623046875 0.74790623046875 0.5570298984375 0.73702155859375 0.550364845703125 0.768392658203125 0.56512134765625 0.787368783203125 0.59176939453125 0.79892469921875 0.622846822265625 0.788765392578125 0.622133623046875 0.74790623046875
0 0.415182623046875 0.73709330078125 0.405946279296875 0.75889243359375 0.4114664375 0.7996676875 0.46189756640625 0.796383197265625 0.49259741796875 0.764592568359375 0.475227671875 0.733640998046875 0.438923751953125 0.71984941015625 0.415182623046875 0.73709330078125
0 0.0949202734375 0.846064630859375 0.096011048828125 0.90855511328125 0.11333884375 0.937103201171875 0.163811923828125 0.93622219140625 0.19451177734375 0.9044315625 0.19776648046875 0.81541889453125 0.185497361328125 0.801207779296875 0.173479962890625 0.80141754296875 0.12321664453125 0.81431595703125 0.0949202734375 0.846064630859375
0 0.19244391796875 0.92370135546875 0.207536046875 0.961905318359375 0.231864517578125 0.978310150390625 0.26538737890625 0.970512369140625 0.2863055 0.9292756328125 0.2831468671875 0.886054947265625 0.27336513671875 0.8766088359375 0.237270982421875 0.874834650390625 0.201512453125 0.8922883046875 0.19244391796875 0.92370135546875
0 0.423513626953125 0.93890171875 0.42764933984375 0.900362130859375 0.41040544921875 0.876621001953125 0.366974998046875 0.867762234375 0.333787759765625 0.89478785546875 0.334542912109375 0.93805049609375 0.36144267578125 0.96402729296875 0.383199853515625 0.970860158203125 0.423513626953125 0.93890171875
0 0.50436339453125 1 0.508726203125 0.99992384765625 0.474490140625 0.966862466796875 0.42144576953125 0.95817151171875 0.39053615234375 0.977944740234375 0.38652408203125 1 0.50436339453125 1
0 0.560134412109375 0.91487908203125 0.56190859765625 0.8787849296875 0.539689939453125 0.84551378515625 0.50351187890625 0.83893263671875 0.48474551953125 0.86570654296875 0.48339086328125 0.92583549609375 0.4980634609375 0.94000466015625 0.5317541328125 0.941820796875 0.560134412109375 0.91487908203125
0 0.69987187890625 0.93167365234375 0.661290337890625 0.9251344609375 0.62059898828125 0.935461580078125 0.62392543359375 0.988296189453125 0.734401609375 0.98155939453125 0.72432620703125 0.95528892578125 0.69987187890625 0.93167365234375
0 0.314362318359375 0.74606576171875 0.309932935546875 0.76778098828125 0.317479 0.78688297265625 0.3391103203125 0.78650539453125 0.379298234375 0.747336513671875 0.381198279296875 0.71845280078125 0.361886533203125 0.71398146484375 0.314362318359375 0.74606576171875
0 1 0.82142898828125 0.97189681640625 0.813927462890625 0.90823165234375 0.747720796875 0.9076443125 0.714072076171875 0.933621111328125 0.687172314453125 0.92565551953125 0.64403553125 0.8722335703125 0.61371325390625 0.824080064453125 0.609745353515625 0.790683060546875 0.62475357421875 0.79590955078125 0.648704466796875 0.8104982421875 0.658066671875 0.79864865234375 0.66789035546875 0.76980689453125 0.668393791015625 0.725873005859375 0.63069326171875 0.69694733984375 0.62638973828125 0.67797121484375 0.641146240234375 0.63964139453125 0.64902792578125 0.63280853125 0.67078510546875 0.67939761328125 0.7228645625 0.75234107421875 0.76967557421875 0.81280565234375 0.79025807421875 0.887271580078125 0.786554052734375 0.92926346875 0.850734814453125 0.93359678125 0.961252943359375 1 0.95794997265625 1 0.82142898828125